%YAML:1.0
---
cam_mtx: !!opencv-matrix
   rows: 3
   cols: 3
   dt: d
   data: [ 5.3282710711006189e+02, 0., 3.4248678546467750e+02, 0.,
       5.3294588591623096e+02, 2.3385594815685167e+02, 0., 0., 1. ]
dis_cef: !!opencv-matrix
   rows: 1
   cols: 5
   dt: d
   data: [ -2.8088090992383113e-01, 2.5171656272980344e-02,
       1.2165734621733591e-03, -1.3554940417963120e-04,
       1.6344891215764187e-01 ]
image_size: [ 640, 480 ]
rvecs: [ 1.6637906972323824e-01, 2.7440614786070394e-01,
    1.3092321739113087e-02, 4.1702592493399460e-01,
    6.5494956080288669e-01, -1.3366059934108243e+00,
    -2.8001223943665449e-01, 1.8689494560200839e-01,
    3.5483996706389503e-01, -1.1424219094546416e-01,
    2.3777543619159849e-01, -2.4294057148698642e-03,
    -2.9490668719256807e-01, 4.2955596322138373e-01,
    1.3124671119253619e+00, 4.0484002862182117e-01,
    3.0590267897322931e-01, 1.6483232489192863e+00,
    1.7461281894550090e-01, 3.4624931811805715e-01,
    1.8681408134372224e+00, -9.3671742227889918e-02,
    4.8151230686198682e-01, 1.7527392277463285e+00,
    1.9951408744662827e-01, -4.2541742885196027e-01,
    1.3305708011879527e-01, -4.2158005612053551e-01,
    -4.9716686605913074e-01, 1.3366204316776742e+00,
    -2.4158312595017084e-01, 3.4849022643491906e-01,
    1.5304325772868215e+00, 4.6476462551029235e-01,
    -2.8442293733135954e-01, 1.2390507988447839e+00,
    -1.7325295164040327e-01, -4.6851570126528030e-01,
    1.3468874348635544e+00 ]
tvecs: [ -9.0473240267688965e+01, -1.2917209571528198e+02,
    4.7696958498637662e+02, -7.0199506115168901e+01,
    9.9997143986380578e+01, 4.2282175606495093e+02,
    -4.7948995992252350e+01, -1.1927488769161428e+02,
    3.7987086697190819e+02, -1.1829075323913490e+02,
    -7.9515876569506688e+01, 3.9474819740630352e+02,
    7.0073803875494335e+01, -1.3714397676950415e+02,
    3.7902667115168276e+02, 2.0055566260088327e+02,
    -7.7314826215642015e+01, 4.0107071059352637e+02,
    2.3284186929352451e+01, -8.4648316211649288e+01,
    4.6478202368042452e+02, 9.4689562433799466e+01,
    -1.0431083859463003e+02, 3.7809256826658014e+02,
    -7.9695788171483514e+01, -9.6112051624543994e+01,
    3.3176035143306996e+02, 5.6152629644401614e+01,
    -1.3187400409925903e+02, 4.0373227105518629e+02,
    6.0745254941790932e+01, -1.2188422959319190e+02,
    3.8486261402532710e+02, 4.0335866339147678e+01,
    -1.0850575437424277e+02, 3.4704718785642075e+02,
    5.3871740162534692e+01, -1.2857976513736335e+02,
    3.7306614510220032e+02 ]
